6199298208
7644349761
2166299494
1401902522
1730459185
2511045142
1653025131
1717122750
1787978314
1213239282
1866492261
5881655691
1867099473
7380400382
1302761904
1855670641
1743295773
2724305642
1413727783
6085398588
7577855873
1891886470
1759006061
1725858750
5903871159
1786738281
6697446673
1730961185
1772600325
1931091873
1278359237
2105047211
1193259944
1648249272
2041028560
2302774950
6405524958
1229068373
1426983034
1739301172
1785108434
5692768290
1338759870
5308731680
7369707374
1286005811
5947020913
6524978930
1944573133
7292148310
1681489120
1557542013
6776779470
5592104233
2570246477
5661180952
1826999855
3154882542
5618329274
1957546270
2389742313
2539278384
1881093484
5345756589
2092187763
6334014385
5703444338
1773806183
2374958310
1827789097
1787094780
1648021814
1960954893
2040042365
5184523930
5155035952
5598684243
2274590152
3146485692
6684240691
1571889140
1265129852
1880500202
1056919972
1679264133
2781971343
1076135115
1436420797
2730238891
1573875460
1645289855
1220519697
2414078404
1409625317
5666433527
1363173330
5231194535
2767520802
1324926073
1963087377
1282870415
1655124760
1677167635
5859340304
1224254755
7000607050
2028781107
1619441733
1610540007
2625800500
1912579011
1473526744
2029385114
5121298868
1646152571
1896474751
1854490763
1873688180
1100295635
1678628214
5590847358
3167027471
1866961724
1691083965
5458358938
5765532054
2496646403
2239161053
5954818864
2647401943
1627413852
2907653167
5352311102
1810289337
1690182120
1496852380
1798328327
1735878462
1653466631
2012876342
3504241942
1821915645
1859213130
1608339672
1822142792
3243103342
2494474521
1944214903
1663888681
2404862297
5918913551
1350292770
6320488912
1642398891
2331244047
5342666404
5819320755
1058773570
1710406277
1804559491
1662867691
1801906020
1690385133
6629766915
2111955303
2632936843
6827625527
1404949082
5082282679
3271893125
1650513902
1406219395
2639072260
3031015023
2429172085
2644955995
2167703201
1819935727
1916946387
2619074643
3325704142
2286109724
2006147847
2907103175
2661945152
1395726501
2675284423
6088927883
5705191799
1840408525
1761511274
1764741287
1788846287
1244630241
5935695745
5213383580
2131448273
1811391710
2367507032
1951036233
5823644050
2292519895
6322105079
1426291067
1834711157
3181684060
1955006781
1369149207
1874494217
3032817251
5577098035
1218425482
3787807514
1815997821
3167269273
3966863925
1929163441
2335875107
2432143202
1402247482
1646343491
3924790955
1625769787
6275175177
1935707183
3178113720
5636962204
2277283305
2354261437
2302353300
1752543513
1074745063
1202975192
6013082096
3019324101
2408751464
1736663557
1893110954
3946589140
3986900313
2338175644
5953079633
5896236385
1810653370
5380680021
3336362770
1494768740
1191890482
1558150085
1716203982
5372856747
3250041350
2866302624
1858878037
1625033577
1644861790
3191954357
6019441720
3171534802
1648815335
3321824014
2638298853
5579519236
1110399500
1644884037
5928780122
1510063283
5910176294
2615626492
5954820851
1663979631
2452337782
1862300723
2496638594
5573996767
5940809903
1797313532
5867456930
1829870212
1832741203
1904957930
1300038410
2669229497
5131618876
1921077935
5274004507
1842920923
1350782730
5510388173
1680457611
1366467743
5795064591
1749931575
5070687652
1534642937
3235040884
1759123045
5617563843
1771890002
1577340524
2267513817
1963193953
5623663430
1951097180
1164882944
2673234727
2393560762
1761110502
3959404247
1574270147
2398156983
2441955234
1996828671
2714280233
5514358441
2752518101
3802345927
1890258081
3039510991
1780478695
3705057377
1774097194
1737217844
1652423191
2538653790
1770062800
1286958102
1692991713
1630850750
1999737537
1559415490
1852144325
2158679913
1746709813
1932503784
1140073963
1627361371
2663224910
1842105260
2239088311
1826150365
2076598077
2829404491
2913902835
5596354486
1539471463
1882820021
1863107180
2255436844
3189941854
1900413225
1898698697
1785692294
1574805555
5238732594
1355282417
1558896502
1505290740
2649411804
5381201781
1075065561
1728555142
1692206523
1761271781
2293210961
2099455204
2503288960
1822960942
1998813220
3803322967
2192768745
3938857580
1634403731
3899965802
1671453770
2250648592
2212645314
3215061275
1688152161
2165933223
18383261
5488749285
1874591140
1219411224
1671917891
1414664021
5549084716
5399011067
2853226971
2497132052
2217893442
2171682081
1463212167
1960887051
5025416212
1873141312
1822266542
1463070280
1967949210
3051066061
1810447563
3202054374
1645866217
1842321435
2013413444
2214340953
2321043580
1650081652
2095522781
1734239667
1862960357
1894488592
2125854764
2128191567
3431015144
3514363544
1760928274
1448595507
5130548585
1971864243
1749125987
1691497632
2053981903
1999649791
1767819243
1134179710
2357270831
2101593512
1623962032
1824417842
1724636035
1281855733
1803394732
3095355375
3239312123
1903547801
2136664345
3605736194
2802194902
2107993524
1497113542
1767461632
1569947953
2362459595
2912110461
1486697205
1427302861
1064649941
1822992250
3147625027
1234098520
1701677174
2420864952
3989009177
1686207710
1908736117
1130708470
1283493053
62029049
1659414505
1231045441
5217213149
1960253817
2022286713
1431287040
5056491664
1072494141
5052039485
2719760581
1264187061
1740244950
3219474004
3519022455
1718792531
1881422534
3522592381
1440241321
1614770495
1989691335
2249036272
2057642573
1840756330
2436298315
1680814033
5180829008
3949828475
5044471769
2726900635
1835912143
2288142411
1666704322
1580555454
1498608530
3210470175
1614209091
3301384190
2791882190
2018887973
1950841302
2241631935
1893774153
1909929885
1912996495
1401309820
1820450311
2098412464
1684197391
1974025945
1647468514
1898119057
1770891687
1169178555
1779081587
1742401977
3245788482
1897248155
1736566822
2924956815
2850286771
1525789137
1303151047
1699016425
1745869427
1249497650
1727422772
3265249124
2210541760
1601152557
1914139795
1879844471
2643379363
1751947363
1887410462
2058744921
2039014433
2296090825
1789822550
1829199275
1352130183
2658971782
3244329632
1644435615
1639517374
1693754880
1899360432
1783887241
1611622403
1973553891
1724002901
3294782334
1058570651
1604546434
3814454122
1400654287
1698150560
2092493033
2356938625
1714209441
2827527822
2239554117
1359929025
2190332167
2088952017
1378379264
1973638234
3034936187
3846704739
1993739597
1645012862
2704598954
1461495761
1756392153
1991773151
1568142312
2703763615
2865458490
2295329362
1403706365
1218520492
1634599954
3788464364
1306602397
1620925974
1866664737
2126299135
1649364700
1767127255
1912959280
2653362471
1228571733
1479284811
1727443824
1782557403
2231434397
3195210582
2740304023
1461579467
2556725162
2219034011
2797314702
2456353144
1650459602
3228997053
1299070523
1267227692
1872018887
1789944611
1837810282
1734409185
1641484453
3199264340
2186979322
2138212651
2952469664
1550248265
2866217272
2022515472
2035257567
1616192700
2286462935
1581490902
1782358293
1220670672
1467719720
1731414333
1292997095
2117607565
2652916941
2012263470
3202601732
1704638362
1838905715
2077077232
1640352230
1050076582
1236939393
1400697187
2276886594
1072396800
1750199512
2659394861
1248270665
1680253425
2906925185
3169226460
1059384033
3219839643
2865065844
3204636062
1751613955
1640031857
1443814634
1631720865
1837456031
2136386601
2553748313
1318307677
1305580380
1922548901
1862722087
2820651425
1815567884
1808027050
3273681947
1750715731
1779046463
1679099641
1722784074
1651522692
2369327052
2027595905
1709189787
1646958960
1747724431
2413737120
1191808911
1929792623
1654156603
1646139415
1665411075
2860970395
2278718287
3167781283
1734864282
1413526654
2417401527
2270492815
1245608552
1877523651
3118056493
2995164072
3063366555
1582157323
2629076501
1230200815
1602431123
1214966907
2290161083
3002585700
1766485641
1576349997
1573638400
1213676107
1900199050
1626874845
2357706161
1881428463
2159164623
2647547832
1850558691
1400228025
1822278395
1745248243
2006464163
2134942931
1571951573
1497031894
1574939862
1742245997
1415571255
1701886454
1734650687
1639146854
2039052271
103500
1862459915
2517615545
2049513193
2650798573
1577672947
1748374882
2862431734
1171241672
2994679844
1705338574
1799859757
1354647164
1736191061
1870388363
2658574524
2938608712
1745573472
1295029955
1685864952
1720982002
1942473263
2192575332
1828803700
1678026047
1738752732
1559236912
1721832382
1060915314
1663363857
1657422865
1649392694
1772882767
1767901994
1677903121
1450186460
1070095910
1869170057
1993202477
1855694341
1647570147
1560906700
2292547981
1424111375
1485056922
1649075312
1639506125
1420106761
2884710104
1542576234
1862750127
2697706190
1918215711
1677574270
1499125502
1747200792
1663926363
1921985135
1688676024
1848038721
1879804595
1641965573
1269512252
2200396182
2668923610
1921864047
2503683470
1761914962
1401461852
1530362375
1974562432
1813618330
1435323715
2247244325
1654772382
1936094695
2026102191
1686483721
1942137863
2183255693
3072373692
2642273961
1709442121
2283581207
1844677043
1764613644
1918185435
2646039675
1405460672
1032859841
1640488630
2018707532
1774184104
3033722665
1404261572
2090456211
1026394563
1681474840
1826440077
1250856160
1651724537
2805560112
2011588663
1760184411
2216172320
1934823537
2862034700
2036070420
1307560044
2480678791
1231577050
1668342592
1403007235
2130242715
1640297597
2758197137
1517579562
1418901063
1721005047
1894467483
1496814384
1907875417
1529038353
1085661141
2624716633
1578988602
2154813443
2759259225
1733135007
1803917153
1913773272
2149873255
1880307277
2783938821
1644849813
1885828047
1993398732
1768068237
2958207324
1788895765
1667928685
1906330975
1301647281
1401773775
1657706754
2054942695
1912400821
2997548424
1297333961
1220997653
1025897581
1901150895
1645758887
1841427011
1285413565
1643195310
1656927414
2565268824
1779119965
2291437521
2067918895
1704021017
2049740263
2663982373
2645993053
2977208680
1766711153
2751959615
1117967813
1874932054
1262370214
2887339314
1261132624
2004314517
1803553987
2818283374
1891235985
1991968645
2405228903
1281047653
1863634717
1161766813
1667592267
1639056187
2480795641
1861917660
1991908641
1661242844
1752028491
2845125465
2622683317
1687106202
1182417191
1862533507
1700277461
1404212364
2621600632
2203450262
1824313871
1676832217
1730295057
1680037743
1627962121
1403102357
2218560871
1446847653
2610246511
1730857650
1969890953
2623379744
1690025733
1595976982
2634919431
1400056035
1221741654
1401228872
2835956100
2376410621
1252461141
2304731083
1886385892
1692751724
2556338510
1808293897
1318134407
1221479170
1169699184
1723506654
1659544575
1913192131
2397339885
2664397507
1408752422
2816947904
1622640505
2462262712
1790170824
2759262165
1686703993
2616804687
1885189387
1920682763
2558582594
1300776182
1707085527
1271556653
2283920747
2720438923
1769931625
1402704371
1391292644
1578553542
1793765985
2263972354
1879642743
1681043990
1662290763
2659103760
1996814695
1093935355
2710247323
1063335630
1892443037
1823560564
2244218960
1229417963
1692268213
1676913724
1908349515
2667740864
2052543207
1316045020
2533090464
1833273044
2259513491
1108877055
1682435747
1318018717
1622426215
1217006762
1199547434
2518141882
1214262181
1727488664
1430417644
1678778777
1727882925
1823612315
1959822904
1854573913
2007794597
1891067550
1668789492
2080599014
1829508100
1822351637
1820737890
1663337394
1645338100
2090132782
2294040303
1916000601
1248889264
1653761053
1798328763
1862319771
2625288792
2392859462
1742575543
1908666781
2203034695
1955584171
1903037850
1651723630
1780784322
1911448711
2050397483
2490698952
1933424965
1609478063
2288498934
2379848120
1639621773
1700082927
1958172255
1645021302
2025709963
1224453352
1654694194
2145606990
1930154725
1984586563
1848883602
1663923430
1644886181
1869717150
1944387953
1924010407
1664894815
1645455290
2164369282
1623209997
1655315485
1674816524
1882579600
1974910273
1155712485
1903585673
1900367794
1932053581
1866637004
1110374881
2417678637
1677831115
2032265563
1447207150
2574818802
1983308525
1402434872
1909295233
1201217092
1403047101
1497221970
1680252245
2513804862
2386024584
1645996101
1679592557
1812845041
1814223234
1650118735
1210774355
2219139600
2219598677
1868908621
2105300784
1969995521
1863218113
1600073630
2163458977
2133498501
1309282271
1686839501
1970069017
2522859913
2257521952
1068478832
2526195981
2650642920
1779279967
1738064404
1644737623
1652566797
1885328100
2498331400
1401272677
1959036134
1892340271
1313510092
1497616314
1441025673
1840930691
1148132014
1635922500
1921784851
1069023512
1686549822
1438655535
1691386533
1896303803
1405361223
1855077225
1673752175
1561685175
1641200770
1642368803
2129011067
1401890444
1196343093
1756767311
1701018393
1651330523
1406320502
1215134880
1445106604
1660567114
1663020530
1289395582
1497722327
1593419545
2158751450
1605074473
1672152981
1739981890
1570796015
1648997937
1788868067
1655427342
1629810574
1645196451
1793524311
1745063943
1728253317
2004049723
2261045173
2379105331
1455990791
1080570682
1414735322
2090280757
1656730052
2289830174
2300627485
2167957683
1904221995
1644446412
1649754927
1676330960
1668943131
1680586215
1660748475
1729937400
1025791730
1655065804
1072120255
1418829665
1297584934
1974801253
1698657527
1659896173
2138039832
1944315757
1904565604
2116838252
1497505380
1398274825
1710356162
1651871653
1738746123
1704440357
1964804083
1686687822
1954415237
1790992637
1194558941
1822087455
1711838182
1732079462
1679892295
1682517985
1631767865
1694293037
2018769461
1685103450
2654090312
1836382143
1669068561
1733453681
1826679061
2287786275
1772399955
1405015352
1814488083
1761944724
1864741055
2003567733
1891135804
1644982662
1157619805
1784688431
1919660451
1588757422
1802651911
1151336565
1614282004
1785203353
1836279765
1504368623
1602448837
1569945912
1053186980
1858295924
1661672685
1298028354
1750472575
1422525664
1891204967
1659904064
2077243825
1874474673
2134431190
2171499515
1768295443
1921145287
1718778792
1450568961
1704084074
1885843463
1455818357
1744667943
1642338227
1663658751
1417906653
2478341864
1661541675
1988712133
1234649291
2164690772
1167614307
1796427971
1495373811
2346192380
1644240882
1656384697
1639780001
1087489311
1480171584
1961570707
1215202464
1652595727
2371829587
1657315521
1170999921
1892680923
1730299744
1936312724
1642301724
1401880315
1378286321
1134092771
1775168097
2037493103
1682260545
1718767577
1911598105
1658030950
1619185424
1691941671
1570563385
1660368087
1259873591
1981622273
1401109700
1907350235
1643101500
1750167254
1211598953
1662049267
1646446167
1724161282
1255882037
1149920370
1650374787
1868941011
1644941925
1745013643
1784395004
1627749290
1644895890
1745040730
